
ClassSchool_2:
  id: 2
  name: 1ere-1
  nb_max_student: 3
  default_location_id: 2
  description: ''
  custo: scolaire
  created_at: 2018-04-05 16:07:19.965993000 Z
  updated_at: 2018-04-05 16:07:19.965993000 Z

ClassSchool_1:
  id: 1
  name: 2de-1
  nb_max_student: 3
  default_location_id: 1
  description: "<ol><li><em><strong>ergegegegge</strong></em></li></ol>"
  custo: scolaire
  created_at: 2018-04-05 16:07:07.185934000 Z
  updated_at: 2018-04-06 05:58:03.288006000 Z
