
Grade_1:
  id: 1
  grade_grade_context_id: 2
  grade_matter_id: 1
  grade_student_id: 2
  grade_date: 2018-04-06
  value: B
  description: ''
  custo: scolaire
  created_at: 2018-04-06 11:02:25.474177000 Z
  updated_at: 2018-04-06 11:02:25.474177000 Z

Grade_2:
  id: 2
  grade_grade_context_id: 3
  grade_matter_id: 1
  grade_student_id: 2
  grade_date: 2018-04-24
  value: '12'
  description: ''
  custo: scolaire
  created_at: 2018-04-24 15:01:19.782123000 Z
  updated_at: 2018-04-24 15:01:19.782123000 Z

Grade_3:
  id: 3
  grade_grade_context_id: 3
  grade_matter_id: 1
  grade_student_id: 1
  grade_date: 2018-04-24
  value: '13'
  description: ''
  custo: scolaire
  created_at: 2018-04-24 15:01:50.863395000 Z
  updated_at: 2018-04-24 15:01:50.863395000 Z
