
Present_1:
  id: 1
  student_id: 1
  schedule_id: 1
  teaching_id: 4
  present_type: absent
  description: ''
  custo: scolaire
  created_at: 2018-04-10 06:06:30.526676000 Z
  updated_at: 2018-04-10 06:06:30.526676000 Z

Present_2:
  id: 2
  student_id: 1
  schedule_id: 5
  teaching_id: 5
  present_type: excuse
  description: ''
  custo: scolaire
  created_at: 2018-04-10 06:07:20.700770000 Z
  updated_at: 2018-04-10 06:07:20.700770000 Z
