
Present_1:
  id: 1
  student_id: 1
  schedule_id: 1
  teaching_id: 4
  present_type: absent
  description: ''
  custo: scolaire
  created_at: 2018-04-10 06:06:30.526676000 Z
  updated_at: 2018-04-10 06:06:30.526676000 Z

Present_2:
  id: 2
  student_id: 1
  schedule_id: 5
  teaching_id: 5
  present_type: excuse
  description: ''
  custo: scolaire
  created_at: 2018-04-10 06:07:20.700770000 Z
  updated_at: 2018-04-10 06:07:20.700770000 Z

Present_3:
  id: 3
  student_id: 2
  schedule_id: 276
  teaching_id: 10
  present_type: present
  description: ''
  custo: scolaire
  created_at: 2018-04-24 17:38:16.335697000 Z
  updated_at: 2018-04-25 13:50:35.201605000 Z

Present_4:
  id: 4
  student_id: 3
  schedule_id: 323
  teaching_id: 2
  present_type: absent
  description: ''
  custo: scolaire
  created_at: 2018-04-25 14:41:27.162151000 Z
  updated_at: 2018-04-25 14:41:27.162151000 Z
