
TeacherMatter_5:
  id: 5
  teacher_id: 5
  matter_id: 3
  custo: scolaire
  created_at: 2018-04-26 21:04:51.948739000 Z
  updated_at: 2018-04-26 21:04:51.948739000 Z
