
User_2:
  id: 2
  email: sylvere.coutable@laposte.net
  encrypted_password: "$2a$11$FYAXhpmCdBMrdxsM8xi9eeBMeaoNROwRM30O8GMWREwFf/bCgNnMa"
  reset_password_token: 
  reset_password_sent_at: 
  remember_created_at: 
  sign_in_count: 2
  current_sign_in_at: 2018-04-09 09:10:58.004897000 Z
  last_sign_in_at: 2018-04-05 12:30:18.700449000 Z
  current_sign_in_ip: !ruby/object:IPAddr
    family: 23
    addr: 1
    mask_addr: 340282366920938463463374607431768211455
  last_sign_in_ip: !ruby/object:IPAddr
    family: 23
    addr: 1
    mask_addr: 340282366920938463463374607431768211455
  created_at: 2018-04-05 12:30:18.690421000 Z
  updated_at: 2018-04-09 09:10:58.006900000 Z
